Exp #,Population,Nodes,Best Length,Iteration,Gain,Elapsed Time
1,1,10,35,0,0,0.000
1,1,10,30,1,5,0.001
1,1,10,24,3,6,0.001
1,1,10,23,4,1,0.000
1,1,10,16,5,7,0.001
1,1,10,15,7,1,0.000
1,1,10,12,12,3,0.003
2,1,10,27,0,0,0.000
2,1,10,25,2,2,0.001
2,1,10,20,6,5,0.002
3,1,10,42,0,0,0.000
3,1,10,37,0,5,0.000
3,1,10,26,1,11,0.001
3,1,10,22,2,4,0.000
3,1,10,19,4,3,0.001
3,1,10,16,10,3,0.002
3,1,10,15,13,1,0.002
4,1,10,27,0,0,0.000
4,1,10,22,1,5,0.001
4,1,10,18,4,4,0.001
4,1,10,16,5,2,0.000
4,1,10,14,7,2,0.001
4,1,10,12,11,2,0.002
5,1,10,35,0,0,0.000
5,1,10,29,0,6,0.001
5,1,10,25,3,4,0.001
5,1,10,21,4,4,0.001
5,1,10,15,5,6,0.000
5,1,10,14,8,1,0.001
5,1,10,13,13,1,0.003
5,1,10,12,42,1,0.012
1,1,30,125,0,0,0.000
1,1,30,105,1,20,0.014
1,1,30,95,46,10,0.311
1,1,30,92,47,3,0.007
1,1,30,80,65,12,0.128
1,1,30,74,72,6,0.049
1,1,30,69,79,5,0.049
1,1,30,57,81,12,0.014
1,1,30,54,92,3,0.076
1,1,30,53,102,1,0.070
1,1,30,50,111,3,0.061
1,1,30,47,116,3,0.035
1,1,30,39,125,8,0.062
2,1,30,136,0,0,0.000
2,1,30,132,0,4,0.007
2,1,30,123,1,9,0.007
2,1,30,121,11,2,0.069
2,1,30,120,14,1,0.021
2,1,30,115,33,5,0.132
2,1,30,112,34,3,0.007
2,1,30,104,50,8,0.111
2,1,30,88,52,16,0.013
2,1,30,81,73,7,0.144
2,1,30,78,84,3,0.076
2,1,30,68,88,10,0.028
2,1,30,67,101,1,0.090
2,1,30,60,104,7,0.021
2,1,30,59,109,1,0.034
2,1,30,55,110,4,0.007
2,1,30,54,117,1,0.049
2,1,30,50,120,4,0.020
2,1,30,46,121,4,0.007
2,1,30,45,128,1,0.049
2,1,30,44,148,1,0.138
2,1,30,41,155,3,0.048
2,1,30,39,525,2,2.559
3,1,30,119,0,0,0.000
3,1,30,117,1,2,0.013
3,1,30,111,2,6,0.007
3,1,30,109,31,2,0.197
3,1,30,105,39,4,0.055
3,1,30,102,42,3,0.020
3,1,30,97,51,5,0.062
3,1,30,82,52,15,0.007
3,1,30,78,53,4,0.006
3,1,30,76,58,2,0.034
3,1,30,70,59,6,0.007
3,1,30,65,86,5,0.184
3,1,30,63,98,2,0.082
3,1,30,60,112,3,0.095
3,1,30,59,114,1,0.014
3,1,30,51,123,8,0.061
3,1,30,48,158,3,0.239
3,1,30,47,188,1,0.206
3,1,30,46,211,1,0.157
3,1,30,45,422,1,1.441
4,1,30,120,0,0,0.000
4,1,30,110,3,10,0.028
4,1,30,88,22,22,0.128
4,1,30,87,61,1,0.263
4,1,30,83,62,4,0.006
4,1,30,76,67,7,0.034
4,1,30,71,69,5,0.014
4,1,30,54,75,17,0.041
4,1,30,48,88,6,0.087
4,1,30,47,107,1,0.128
4,1,30,46,144,1,0.250
4,1,30,44,156,2,0.081
4,1,30,43,192,1,0.243
5,1,30,135,0,0,0.000
5,1,30,127,0,8,0.007
5,1,30,121,1,6,0.007
5,1,30,113,7,8,0.041
5,1,30,112,13,1,0.041
5,1,30,104,25,8,0.081
5,1,30,93,31,11,0.042
5,1,30,83,53,10,0.150
5,1,30,81,60,2,0.048
5,1,30,66,68,15,0.055
5,1,30,61,94,5,0.177
5,1,30,56,95,5,0.007
5,1,30,54,96,2,0.007
5,1,30,47,111,7,0.102
5,1,30,45,115,2,0.027
5,1,30,44,125,1,0.068
5,1,30,43,309,1,1.272
1,1,60,271,0,0,0.000
1,1,60,258,1,13,0.092
1,1,60,254,5,4,0.184
1,1,60,244,9,10,0.184
1,1,60,243,48,1,1.790
1,1,60,240,72,3,1.101
1,1,60,239,121,1,2.250
1,1,60,230,223,9,4.685
1,1,60,227,283,3,2.755
1,1,60,223,325,4,1.928
1,1,60,220,458,3,6.109
1,1,60,207,464,13,0.275
1,1,60,202,542,5,3.581
1,1,60,198,720,4,8.191
1,1,60,180,729,18,0.413
1,1,60,178,762,2,1.520
1,1,60,177,768,1,0.276
1,1,60,165,788,12,0.918
1,1,60,157,810,8,1.009
1,1,60,154,888,3,3.584
1,1,60,149,902,5,0.643
1,1,60,146,928,3,1.193
1,1,60,143,941,3,0.598
1,1,60,136,945,7,0.184
2,1,60,272,0,0,0.000
2,1,60,266,1,6,0.091
2,1,60,259,4,7,0.137
2,1,60,240,5,19,0.045
2,1,60,231,14,9,0.411
2,1,60,229,394,2,17.461
2,1,60,228,402,1,0.372
2,1,60,218,484,10,3.810
2,1,60,211,497,7,0.604
2,1,60,204,500,7,0.139
2,1,60,198,734,6,10.873
2,1,60,197,765,1,1.442
2,1,60,190,768,7,0.139
2,1,60,183,837,7,3.209
2,1,60,170,902,13,3.029
2,1,60,165,941,5,1.775
2,1,60,159,967,6,1.187
2,1,60,156,992,3,1.141
3,1,60,266,0,0,0.000
3,1,60,250,1,16,0.092
3,1,60,243,3,7,0.092
3,1,60,234,42,9,1.796
3,1,60,227,195,7,7.026
3,1,60,224,348,3,7.015
3,1,60,223,428,1,3.684
3,1,60,208,455,15,1.244
3,1,60,207,677,1,10.213
3,1,60,194,692,13,0.688
3,1,60,188,814,6,5.612
3,1,60,186,828,2,0.645
3,1,60,179,833,7,0.230
3,1,60,175,841,4,0.367
3,1,60,171,863,4,1.012
3,1,60,170,878,1,0.691
3,1,60,165,887,5,0.415
3,1,60,164,891,1,0.184
3,1,60,150,898,14,0.321
3,1,60,145,944,5,2.116
3,1,60,137,987,8,1.980
4,1,60,288,0,0,0.000
4,1,60,270,0,18,0.046
4,1,60,267,1,3,0.047
4,1,60,245,5,22,0.185
4,1,60,240,7,5,0.093
4,1,60,207,60,33,2.465
4,1,60,196,898,11,39.028
5,1,60,260,0,0,0.000
5,1,60,255,2,5,0.140
5,1,60,254,4,1,0.093
5,1,60,248,7,6,0.140
5,1,60,245,37,3,1.384
5,1,60,234,50,11,0.607
5,1,60,233,62,1,0.558
5,1,60,223,121,10,2.708
5,1,60,219,424,4,13.814
5,1,60,217,531,2,4.896
5,1,60,216,562,1,1.440
5,1,60,215,648,1,3.984
5,1,60,211,680,4,1.486
5,1,60,197,688,14,0.372
5,1,60,194,834,3,6.781
5,1,60,191,844,3,0.465
5,1,60,184,933,7,4.132
5,1,60,183,997,1,2.972
1,2,10,31,0,0,0.000
1,2,10,29,0,2,0.001
1,2,10,23,1,6,0.001
1,2,10,20,2,3,0.000
1,2,10,15,4,5,0.002
1,2,10,12,5,3,0.001
2,2,10,30,0,0,0.000
2,2,10,28,1,2,0.002
2,2,10,23,3,5,0.001
2,2,10,20,8,3,0.005
2,2,10,19,9,1,0.000
2,2,10,17,10,2,0.001
3,2,10,28,0,0,0.000
3,2,10,26,1,2,0.002
3,2,10,24,2,2,0.000
3,2,10,20,3,4,0.001
3,2,10,15,4,5,0.001
4,2,10,28,0,0,0.000
4,2,10,25,2,3,0.003
4,2,10,22,3,3,0.001
4,2,10,20,4,2,0.000
4,2,10,16,5,4,0.001
4,2,10,15,9,1,0.004
4,2,10,14,22,1,0.011
4,2,10,13,48,1,0.022
5,2,10,25,0,0,0.000
5,2,10,24,1,1,0.002
5,2,10,18,3,6,0.002
5,2,10,17,4,1,0.001
5,2,10,15,5,2,0.000
1,2,30,128,0,0,0.000
1,2,30,126,0,2,0.013
1,2,30,111,2,15,0.028
1,2,30,109,10,2,0.111
1,2,30,94,24,15,0.195
1,2,30,91,27,3,0.042
1,2,30,87,32,4,0.069
1,2,30,74,38,13,0.084
1,2,30,71,44,3,0.083
1,2,30,59,45,12,0.014
1,2,30,51,47,8,0.028
1,2,30,48,56,3,0.125
1,2,30,46,70,2,0.194
2,2,30,114,0,0,0.000
2,2,30,106,5,8,0.080
2,2,30,104,12,2,0.094
2,2,30,102,23,2,0.147
2,2,30,97,27,5,0.053
2,2,30,96,30,1,0.041
2,2,30,95,31,1,0.013
2,2,30,85,33,10,0.027
2,2,30,82,35,3,0.026
2,2,30,81,36,1,0.014
2,2,30,77,38,4,0.027
2,2,30,73,41,4,0.040
2,2,30,56,43,17,0.026
2,2,30,51,47,5,0.054
2,2,30,46,51,5,0.053
2,2,30,45,62,1,0.147
2,2,30,43,63,2,0.013
2,2,30,42,188,1,1.673
2,2,30,41,817,1,8.430
3,2,30,132,0,0,0.000
3,2,30,125,2,7,0.041
3,2,30,122,5,3,0.041
3,2,30,121,8,1,0.042
3,2,30,117,10,4,0.027
3,2,30,114,19,3,0.121
3,2,30,105,23,9,0.054
3,2,30,104,30,1,0.094
3,2,30,78,31,26,0.014
3,2,30,72,38,6,0.094
3,2,30,71,42,1,0.053
3,2,30,65,46,6,0.053
3,2,30,55,54,10,0.108
3,2,30,51,63,4,0.121
3,2,30,43,69,8,0.080
4,2,30,127,0,0,0.000
4,2,30,124,0,3,0.014
4,2,30,101,2,23,0.027
4,2,30,99,16,2,0.191
4,2,30,96,26,3,0.137
4,2,30,81,27,15,0.014
4,2,30,77,36,4,0.123
4,2,30,75,39,2,0.041
4,2,30,70,41,5,0.027
4,2,30,63,44,7,0.041
4,2,30,57,48,6,0.055
4,2,30,53,54,4,0.081
4,2,30,47,56,6,0.028
4,2,30,46,60,1,0.054
4,2,30,45,333,1,3.729
4,2,30,43,897,2,7.698
5,2,30,132,0,0,0.000
5,2,30,127,0,5,0.014
5,2,30,125,1,2,0.013
5,2,30,122,2,3,0.013
5,2,30,120,3,2,0.014
5,2,30,112,4,8,0.013
5,2,30,111,10,1,0.080
5,2,30,101,18,10,0.107
5,2,30,98,25,3,0.094
5,2,30,88,27,10,0.027
5,2,30,76,32,12,0.067
5,2,30,75,35,1,0.040
5,2,30,71,41,4,0.080
5,2,30,63,45,8,0.053
5,2,30,57,50,6,0.067
5,2,30,54,55,3,0.067
5,2,30,53,57,1,0.027
5,2,30,50,61,3,0.053
5,2,30,49,66,1,0.068
5,2,30,45,69,4,0.040
1,2,60,256,0,0,0.000
1,2,60,247,6,9,0.647
1,2,60,243,7,4,0.091
1,2,60,227,12,16,0.456
1,2,60,223,41,4,2.655
1,2,60,197,49,26,0.731
1,2,60,196,438,1,35.428
1,2,60,191,441,5,0.273
1,2,60,188,445,3,0.364
1,2,60,186,481,2,3.276
1,2,60,182,509,4,2.545
1,2,60,172,529,10,1.817
1,2,60,169,541,3,1.090
1,2,60,161,542,8,0.091
1,2,60,148,580,13,3.511
1,2,60,144,622,4,3.856
1,2,60,132,626,12,0.367
1,2,60,126,768,6,12.937
1,2,60,125,841,1,6.639
1,2,60,122,842,3,0.091
1,2,60,119,851,3,0.820
1,2,60,118,858,1,0.638
1,2,60,106,861,12,0.273
1,2,60,100,881,6,1.819
1,2,60,96,911,4,2.729
1,2,60,91,913,5,0.182
1,2,60,80,938,11,2.279
1,2,60,79,960,1,2.008
1,2,60,78,978,1,1.640
1,2,60,76,981,2,0.274
2,2,60,274,0,0,0.000
2,2,60,267,0,7,0.092
2,2,60,249,1,18,0.092
2,2,60,236,2,13,0.093
2,2,60,233,19,3,1.570
2,2,60,224,57,9,3.512
2,2,60,216,62,8,0.464
2,2,60,209,428,7,33.826
2,2,60,207,434,2,0.555
2,2,60,203,493,4,5.456
2,2,60,198,578,5,7.861
2,2,60,188,583,10,0.463
2,2,60,183,586,5,0.278
2,2,60,181,610,2,2.208
2,2,60,174,615,7,0.453
2,2,60,172,645,2,2.724
2,2,60,169,661,3,1.453
2,2,60,163,663,6,0.182
2,2,60,156,687,7,2.178
2,2,60,152,741,4,4.896
2,2,60,146,746,6,0.453
2,2,60,145,780,1,3.114
2,2,60,136,827,9,4.267
2,2,60,129,854,7,2.495
2,2,60,128,953,1,9.024
2,2,60,106,990,22,3.354
3,2,60,278,0,0,0.000
3,2,60,253,0,25,0.092
3,2,60,248,5,5,0.457
3,2,60,241,6,7,0.092
3,2,60,234,12,7,0.550
3,2,60,221,20,13,0.733
3,2,60,215,246,6,20.711
3,2,60,211,388,4,13.129
3,2,60,191,490,20,9.351
3,2,60,187,611,4,11.069
3,2,60,185,627,2,1.464
3,2,60,182,633,3,0.547
3,2,60,180,645,2,1.096
3,2,60,164,648,16,0.274
3,2,60,163,682,1,3.125
3,2,60,147,690,16,0.733
3,2,60,136,717,11,2.469
3,2,60,132,760,4,3.931
3,2,60,130,797,2,3.376
3,2,60,123,840,7,3.926
3,2,60,122,857,1,1.555
3,2,60,121,912,1,5.032
3,2,60,113,943,8,2.837
3,2,60,112,952,1,0.828
3,2,60,107,964,5,1.098
3,2,60,106,978,1,1.280
3,2,60,99,993,7,1.372
4,2,60,254,0,0,0.000
4,2,60,237,0,17,0.092
4,2,60,234,7,3,0.628
4,2,60,223,129,11,10.983
4,2,60,217,263,6,12.057
4,2,60,216,304,1,3.718
4,2,60,200,368,16,5.858
4,2,60,198,430,2,5.626
4,2,60,196,447,2,1.561
4,2,60,188,493,8,4.230
4,2,60,185,565,3,6.621
4,2,60,176,599,9,3.130
4,2,60,164,607,12,0.728
4,2,60,146,639,18,2.892
4,2,60,136,668,10,2.664
4,2,60,128,680,8,1.102
4,2,60,123,730,5,4.603
4,2,60,118,783,5,4.865
4,2,60,114,820,4,3.405
4,2,60,113,839,1,1.748
4,2,60,111,843,2,0.369
4,2,60,110,844,1,0.092
4,2,60,95,847,15,0.276
4,2,60,88,903,7,5.154
4,2,60,87,928,1,2.299
4,2,60,77,936,10,0.735
4,2,60,75,954,2,1.653
4,2,60,74,979,1,2.301
5,2,60,245,0,0,0.000
5,2,60,224,2,21,0.276
5,2,60,221,221,3,20.180
5,2,60,216,252,5,2.842
5,2,60,205,467,11,19.791
5,2,60,201,602,4,12.437
5,2,60,200,638,1,3.312
5,2,60,190,645,10,0.644
5,2,60,185,654,5,0.827
5,2,60,182,679,3,2.302
5,2,60,181,722,1,3.964
5,2,60,177,731,4,0.828
5,2,60,163,742,14,1.012
5,2,60,162,759,1,1.564
5,2,60,156,784,6,2.302
5,2,60,153,787,3,0.276
5,2,60,147,807,6,1.841
5,2,60,142,812,5,0.461
5,2,60,141,861,1,4.511
5,2,60,140,874,1,1.196
5,2,60,115,895,25,1.934
1,3,10,36,0,0,0.000
1,3,10,29,0,7,0.002
1,3,10,20,1,9,0.001
1,3,10,17,3,3,0.002
1,3,10,15,6,2,0.004
2,3,10,20,0,0,0.000
2,3,10,13,3,7,0.005
3,3,10,31,0,0,0.000
3,3,10,27,1,4,0.002
3,3,10,21,2,6,0.002
3,3,10,15,3,6,0.001
3,3,10,14,71,1,0.085
3,3,10,12,197,2,0.159
4,3,10,33,0,0,0.000
4,3,10,24,1,9,0.002
4,3,10,20,2,4,0.002
4,3,10,17,5,3,0.003
5,3,10,29,0,0,0.000
5,3,10,25,2,4,0.003
5,3,10,17,3,8,0.002
1,3,30,133,0,0,0.000
1,3,30,123,0,10,0.020
1,3,30,120,1,3,0.020
1,3,30,119,3,1,0.040
1,3,30,117,13,2,0.200
1,3,30,115,14,2,0.019
1,3,30,107,16,8,0.040
1,3,30,101,18,6,0.041
1,3,30,100,21,1,0.060
1,3,30,95,23,5,0.040
1,3,30,85,24,10,0.021
1,3,30,67,28,18,0.079
1,3,30,60,33,7,0.100
1,3,30,55,36,5,0.060
1,3,30,50,37,5,0.020
1,3,30,47,44,3,0.139
1,3,30,45,55,2,0.219
1,3,30,43,68,2,0.259
2,3,30,103,0,0,0.000
2,3,30,100,16,3,0.342
2,3,30,98,17,2,0.020
2,3,30,94,19,4,0.041
2,3,30,89,20,5,0.020
2,3,30,85,21,4,0.020
2,3,30,84,23,1,0.040
2,3,30,76,24,8,0.020
2,3,30,74,25,2,0.020
2,3,30,71,27,3,0.040
2,3,30,67,28,4,0.020
2,3,30,51,33,16,0.100
2,3,30,50,40,1,0.140
2,3,30,47,46,3,0.120
2,3,30,46,62,1,0.320
2,3,30,45,71,1,0.181
2,3,30,44,116,1,0.903
3,3,30,115,0,0,0.000
3,3,30,114,7,1,0.161
3,3,30,112,10,2,0.059
3,3,30,97,11,15,0.020
3,3,30,90,14,7,0.060
3,3,30,58,16,32,0.040
3,3,30,55,27,3,0.224
3,3,30,46,32,9,0.101
3,3,30,44,43,2,0.223
3,3,30,42,50,2,0.142
3,3,30,40,66,2,0.323
4,3,30,139,0,0,0.000
4,3,30,121,0,18,0.020
4,3,30,109,2,12,0.040
4,3,30,108,9,1,0.140
4,3,30,105,13,3,0.081
4,3,30,97,15,8,0.040
4,3,30,83,18,14,0.060
4,3,30,76,23,7,0.101
4,3,30,49,25,27,0.040
4,3,30,47,33,2,0.159
4,3,30,45,34,2,0.020
4,3,30,42,42,3,0.161
4,3,30,40,94,2,1.039
5,3,30,137,0,0,0.000
5,3,30,123,0,14,0.020
5,3,30,118,1,5,0.020
5,3,30,107,5,11,0.079
5,3,30,100,15,7,0.199
5,3,30,99,18,1,0.059
5,3,30,80,21,19,0.060
5,3,30,75,25,5,0.079
5,3,30,64,28,11,0.061
5,3,30,60,29,4,0.020
5,3,30,56,30,4,0.020
5,3,30,52,35,4,0.099
5,3,30,51,39,1,0.079
5,3,30,50,42,1,0.059
5,3,30,49,55,1,0.258
5,3,30,48,56,1,0.020
5,3,30,47,76,1,0.396
5,3,30,46,77,1,0.020
5,3,30,45,124,1,0.932
1,3,60,225,0,0,0.000
1,3,60,221,40,4,5.668
1,3,60,209,197,12,21.566
1,3,60,208,205,1,1.099
1,3,60,198,237,10,4.387
1,3,60,193,259,5,3.024
1,3,60,190,269,3,1.370
1,3,60,184,281,6,1.653
1,3,60,171,287,13,0.824
1,3,60,162,290,9,0.412
1,3,60,160,310,2,2.742
1,3,60,156,315,4,0.693
1,3,60,155,320,1,0.686
1,3,60,142,321,13,0.136
1,3,60,134,345,8,3.288
1,3,60,123,374,11,3.993
1,3,60,120,385,3,1.515
1,3,60,112,440,8,7.590
1,3,60,111,471,1,4.264
1,3,60,107,485,4,1.921
1,3,60,100,500,7,2.065
1,3,60,97,510,3,1.372
1,3,60,86,530,11,2.743
1,3,60,83,564,3,4.686
1,3,60,77,581,6,2.343
1,3,60,76,612,1,4.270
1,3,60,71,626,5,1.929
1,3,60,68,655,3,3.995
1,3,60,66,671,2,2.202
1,3,60,65,678,1,0.962
1,3,60,64,984,1,42.049
2,3,60,260,0,0,0.000
2,3,60,251,3,9,0.551
2,3,60,249,4,2,0.137
2,3,60,232,6,17,0.277
2,3,60,229,9,3,0.413
2,3,60,221,80,8,9.778
2,3,60,213,139,8,8.130
2,3,60,207,296,6,21.614
2,3,60,192,307,15,1.514
2,3,60,181,349,11,5.760
2,3,60,173,390,8,5.615
2,3,60,171,401,2,1.510
2,3,60,166,406,5,0.685
2,3,60,159,415,7,1.233
2,3,60,158,417,1,0.274
2,3,60,144,420,14,0.410
2,3,60,143,466,1,6.308
2,3,60,140,489,3,3.156
2,3,60,133,515,7,3.566
2,3,60,126,517,7,0.273
2,3,60,116,524,10,0.961
2,3,60,114,555,2,4.257
2,3,60,112,577,2,3.021
2,3,60,111,587,1,1.370
2,3,60,102,601,9,1.920
2,3,60,100,614,2,1.785
2,3,60,94,615,6,0.137
2,3,60,93,620,1,0.687
2,3,60,88,628,5,1.097
2,3,60,84,635,4,0.963
2,3,60,77,663,7,3.842
2,3,60,76,667,1,0.548
2,3,60,73,679,3,1.645
2,3,60,72,692,1,1.781
2,3,60,71,702,1,1.372
2,3,60,67,705,4,0.413
3,3,60,269,0,0,0.000
3,3,60,233,0,36,0.137
3,3,60,227,42,6,5.765
3,3,60,213,44,14,0.276
3,3,60,210,309,3,36.000
3,3,60,203,333,7,3.294
3,3,60,192,364,11,4.260
3,3,60,187,385,5,2.889
3,3,60,183,398,4,1.787
3,3,60,177,399,6,0.137
3,3,60,171,410,6,1.512
3,3,60,165,415,6,0.686
3,3,60,163,428,2,1.785
3,3,60,155,441,8,1.785
3,3,60,154,448,1,0.960
3,3,60,150,472,4,3.299
3,3,60,116,476,34,0.549
3,3,60,106,539,10,8.654
3,3,60,104,581,2,5.768
3,3,60,99,583,5,0.274
3,3,60,98,598,1,2.059
3,3,60,96,601,2,0.412
3,3,60,94,602,2,0.137
3,3,60,87,611,7,1.236
3,3,60,85,612,2,0.138
3,3,60,84,635,1,3.164
3,3,60,83,636,1,0.139
3,3,60,75,643,8,0.959
3,3,60,72,657,3,1.924
3,3,60,70,667,2,1.371
3,3,60,69,696,1,3.953
3,3,60,67,719,2,3.098
4,3,60,265,0,0,0.000
4,3,60,252,0,13,0.136
4,3,60,244,3,8,0.405
4,3,60,238,4,6,0.135
4,3,60,233,17,5,1.755
4,3,60,225,19,8,0.271
4,3,60,216,156,9,18.913
4,3,60,206,209,10,7.187
4,3,60,201,302,5,12.617
4,3,60,196,356,5,7.462
4,3,60,195,379,1,3.179
4,3,60,186,382,9,0.414
4,3,60,156,393,30,1.519
4,3,60,150,405,6,1.658
4,3,60,144,426,6,2.908
4,3,60,139,458,5,4.406
4,3,60,137,461,2,0.409
4,3,60,129,464,8,0.413
4,3,60,119,477,10,1.793
4,3,60,111,498,8,2.900
4,3,60,110,534,1,4.973
4,3,60,102,543,8,1.243
4,3,60,101,546,1,0.415
4,3,60,94,551,7,0.690
4,3,60,92,556,2,0.691
4,3,60,87,570,5,1.938
4,3,60,82,577,5,0.965
4,3,60,76,612,6,4.826
4,3,60,68,629,8,2.345
5,3,60,249,0,0,0.000
5,3,60,248,4,1,0.688
5,3,60,241,7,7,0.413
5,3,60,229,16,12,1.241
5,3,60,218,82,11,8.983
5,3,60,216,88,2,0.812
5,3,60,205,196,11,14.574
5,3,60,202,230,3,4.607
5,3,60,198,328,4,13.485
5,3,60,196,335,2,0.963
5,3,60,195,339,1,0.551
5,3,60,191,340,4,0.138
5,3,60,180,353,11,1.791
5,3,60,170,370,10,2.342
5,3,60,165,385,5,2.066
5,3,60,147,395,18,1.379
5,3,60,143,430,4,4.747
5,3,60,128,445,15,2.027
5,3,60,124,461,4,2.165
5,3,60,121,483,3,2.974
5,3,60,117,518,4,4.750
5,3,60,116,522,1,0.550
5,3,60,107,538,9,2.202
5,3,60,105,570,2,4.402
5,3,60,96,574,9,0.550
5,3,60,91,592,5,2.476
5,3,60,87,599,4,0.964
5,3,60,80,605,7,0.826
5,3,60,79,622,1,2.342
5,3,60,78,634,1,1.652
5,3,60,77,638,1,0.551
5,3,60,76,641,1,0.413
5,3,60,73,650,3,1.240
5,3,60,71,658,2,1.102
5,3,60,68,661,3,0.413
5,3,60,67,800,1,19.133
1,4,10,25,0,0,0.000
1,4,10,21,1,4,0.004
1,4,10,14,2,7,0.001
2,4,10,27,0,0,0.000
2,4,10,21,2,6,0.005
2,4,10,18,3,3,0.002
2,4,10,16,5,2,0.003
2,4,10,15,9,1,0.007
3,4,10,30,0,0,0.000
3,4,10,27,0,3,0.002
3,4,10,24,1,3,0.002
3,4,10,16,2,8,0.001
3,4,10,15,5,1,0.005
3,4,10,12,8,3,0.005
4,4,10,28,0,0,0.000
4,4,10,22,1,6,0.003
4,4,10,17,2,5,0.002
4,4,10,12,3,5,0.001
5,4,10,32,0,0,0.000
5,4,10,26,0,6,0.002
5,4,10,22,1,4,0.001
5,4,10,15,2,7,0.002
5,4,10,14,6,1,0.007
5,4,10,13,7,1,0.001
1,4,30,127,0,0,0.000
1,4,30,119,0,8,0.027
1,4,30,112,2,7,0.054
1,4,30,111,11,1,0.243
1,4,30,90,14,21,0.081
1,4,30,79,18,11,0.108
1,4,30,76,20,3,0.054
1,4,30,64,23,12,0.081
1,4,30,60,26,4,0.082
1,4,30,59,28,1,0.054
1,4,30,55,32,4,0.108
1,4,30,53,33,2,0.027
1,4,30,50,35,3,0.054
1,4,30,49,37,1,0.054
1,4,30,48,44,1,0.189
1,4,30,46,47,2,0.081
1,4,30,45,48,1,0.027
1,4,30,43,61,2,0.350
1,4,30,42,88,1,0.731
2,4,30,115,0,0,0.000
2,4,30,108,0,7,0.027
2,4,30,106,7,2,0.187
2,4,30,87,10,19,0.080
2,4,30,86,15,1,0.134
2,4,30,79,16,7,0.027
2,4,30,66,17,13,0.027
2,4,30,65,21,1,0.107
2,4,30,58,22,7,0.027
2,4,30,55,23,3,0.026
2,4,30,53,28,2,0.133
2,4,30,47,29,6,0.027
2,4,30,45,32,2,0.081
2,4,30,40,36,5,0.107
3,4,30,118,0,0,0.000
3,4,30,112,11,6,0.319
3,4,30,107,14,5,0.081
3,4,30,106,15,1,0.027
3,4,30,104,16,2,0.027
3,4,30,93,17,11,0.026
3,4,30,79,18,14,0.027
3,4,30,72,21,7,0.080
3,4,30,65,25,7,0.107
3,4,30,55,27,10,0.053
3,4,30,53,30,2,0.080
3,4,30,51,42,2,0.320
3,4,30,49,44,2,0.053
3,4,30,48,47,1,0.080
3,4,30,47,49,1,0.053
3,4,30,46,54,1,0.133
3,4,30,44,56,2,0.054
3,4,30,42,68,2,0.320
3,4,30,40,87,2,0.507
4,4,30,112,0,0,0.000
4,4,30,92,1,20,0.054
4,4,30,79,12,13,0.296
4,4,30,71,17,8,0.134
4,4,30,57,19,14,0.055
4,4,30,55,24,2,0.135
4,4,30,51,26,4,0.053
4,4,30,47,33,4,0.190
4,4,30,44,38,3,0.135
5,4,30,122,0,0,0.000
5,4,30,121,3,1,0.106
5,4,30,117,7,4,0.105
5,4,30,110,8,7,0.027
5,4,30,95,9,15,0.026
5,4,30,93,11,2,0.053
5,4,30,88,12,5,0.026
5,4,30,84,17,4,0.132
5,4,30,83,19,1,0.053
5,4,30,74,20,9,0.026
5,4,30,70,21,4,0.026
5,4,30,62,23,8,0.053
5,4,30,61,24,1,0.026
5,4,30,60,25,1,0.026
5,4,30,55,28,5,0.079
5,4,30,49,29,6,0.027
5,4,30,48,34,1,0.131
5,4,30,47,35,1,0.027
5,4,30,46,43,1,0.211
1,4,60,254,0,0,0.000
1,4,60,251,0,3,0.184
1,4,60,241,1,10,0.184
1,4,60,237,15,4,2.579
1,4,60,232,19,5,0.737
1,4,60,230,29,2,1.842
1,4,60,228,46,2,3.134
1,4,60,226,50,2,0.736
1,4,60,223,85,3,6.544
1,4,60,215,90,8,1.693
1,4,60,213,136,2,10.327
1,4,60,206,237,7,19.755
1,4,60,202,251,4,2.598
1,4,60,200,263,2,2.216
1,4,60,195,269,5,1.108
1,4,60,180,284,15,2.771
1,4,60,164,294,16,1.844
1,4,60,157,317,7,4.218
1,4,60,155,323,2,1.091
1,4,60,152,340,3,3.088
1,4,60,148,370,4,5.459
1,4,60,130,374,18,0.748
1,4,60,129,396,1,4.041
1,4,60,122,428,7,5.916
1,4,60,119,475,3,8.680
1,4,60,118,485,1,1.847
1,4,60,99,488,19,0.553
1,4,60,98,570,1,15.132
1,4,60,95,573,3,0.552
1,4,60,94,576,1,0.554
1,4,60,81,578,13,0.368
1,4,60,79,608,2,5.510
1,4,60,74,613,5,0.918
1,4,60,70,652,4,7.090
1,4,60,67,660,3,1.489
1,4,60,66,721,1,11.279
1,4,60,65,752,1,5.851
2,4,60,238,0,0,0.000
2,4,60,235,21,3,3.986
2,4,60,232,31,3,1.804
2,4,60,231,32,1,0.181
2,4,60,230,42,1,1.803
2,4,60,229,119,1,14.059
2,4,60,201,133,28,2.570
2,4,60,190,164,11,5.691
2,4,60,187,181,3,3.122
2,4,60,178,222,9,7.530
2,4,60,161,229,17,1.287
2,4,60,157,242,4,2.387
2,4,60,152,267,5,4.591
2,4,60,149,281,3,2.570
2,4,60,137,284,12,0.550
2,4,60,134,304,3,3.673
2,4,60,129,323,5,3.487
2,4,60,128,326,1,0.552
2,4,60,126,329,2,0.550
2,4,60,122,333,4,0.733
2,4,60,114,338,8,0.919
2,4,60,109,353,5,2.754
2,4,60,100,357,9,0.734
2,4,60,96,392,4,6.428
2,4,60,92,400,4,1.469
2,4,60,89,405,3,0.916
2,4,60,83,433,6,5.143
2,4,60,80,456,3,4.222
2,4,60,79,467,1,2.020
2,4,60,78,500,1,6.046
2,4,60,73,501,5,0.184
2,4,60,70,509,3,1.468
2,4,60,68,555,2,8.441
3,4,60,242,0,0,0.000
3,4,60,241,4,1,0.907
3,4,60,240,9,1,0.898
3,4,60,220,14,20,0.896
3,4,60,205,16,15,0.359
3,4,60,204,188,1,31.279
3,4,60,197,194,7,1.098
3,4,60,184,207,13,2.378
3,4,60,178,214,6,1.279
3,4,60,167,218,11,0.732
3,4,60,165,227,2,1.646
3,4,60,163,244,2,3.109
3,4,60,155,249,8,0.914
3,4,60,152,255,3,1.096
3,4,60,147,261,5,1.097
3,4,60,142,272,5,2.010
3,4,60,141,274,1,0.366
3,4,60,137,295,4,3.839
3,4,60,132,305,5,1.828
3,4,60,119,359,13,9.875
3,4,60,110,407,9,8.784
3,4,60,109,420,1,2.378
3,4,60,104,446,5,4.758
3,4,60,98,448,6,0.366
3,4,60,94,481,4,6.039
3,4,60,93,493,1,2.197
3,4,60,92,495,1,0.367
3,4,60,87,500,5,0.915
3,4,60,84,513,3,2.380
3,4,60,81,517,3,0.732
3,4,60,80,522,1,0.915
3,4,60,75,525,5,0.548
3,4,60,72,530,3,0.914
3,4,60,71,536,1,1.098
3,4,60,70,538,1,0.366
3,4,60,69,544,1,1.098
3,4,60,68,630,1,15.740
4,4,60,275,0,0,0.000
4,4,60,248,0,27,0.183
4,4,60,244,2,4,0.367
4,4,60,242,7,2,0.914
4,4,60,236,9,6,0.366
4,4,60,229,32,7,4.207
4,4,60,217,46,12,2.560
4,4,60,215,69,2,4.207
4,4,60,207,160,8,16.528
4,4,60,203,201,4,7.501
4,4,60,199,214,4,2.381
4,4,60,198,244,1,5.420
4,4,60,187,248,11,0.718
4,4,60,182,265,5,3.050
4,4,60,162,266,20,0.179
4,4,60,157,283,5,3.054
4,4,60,148,284,9,0.179
4,4,60,144,287,4,0.539
4,4,60,138,306,6,3.404
4,4,60,136,324,2,3.234
4,4,60,126,328,10,0.716
4,4,60,125,345,1,3.049
4,4,60,124,348,1,0.538
4,4,60,119,349,5,0.179
4,4,60,116,369,3,3.587
4,4,60,115,382,1,2.340
4,4,60,112,388,3,1.101
4,4,60,111,391,1,0.548
4,4,60,107,392,4,0.183
4,4,60,106,396,1,0.731
4,4,60,95,398,11,0.365
4,4,60,92,410,3,2.193
4,4,60,86,414,6,0.733
4,4,60,84,420,2,1.095
4,4,60,78,424,6,0.730
4,4,60,76,439,2,2.739
4,4,60,73,440,3,0.183
4,4,60,67,443,6,0.549
4,4,60,63,448,4,0.914
4,4,60,62,471,1,4.153
5,4,60,271,0,0,0.000
5,4,60,242,0,29,0.184
5,4,60,236,12,6,2.188
5,4,60,222,16,14,0.726
5,4,60,213,46,9,5.450
5,4,60,197,174,16,23.248
5,4,60,192,213,5,7.098
5,4,60,190,214,2,0.183
5,4,60,186,223,4,1.640
5,4,60,184,231,2,1.457
5,4,60,169,237,15,1.092
5,4,60,167,262,2,4.545
5,4,60,163,273,4,2.005
5,4,60,160,278,3,0.910
5,4,60,153,287,7,1.641
5,4,60,152,308,1,3.818
5,4,60,151,309,1,0.182
5,4,60,140,314,11,0.912
5,4,60,137,319,3,0.911
5,4,60,127,338,10,3.463
5,4,60,124,350,3,2.182
5,4,60,123,375,1,4.550
5,4,60,122,398,1,4.198
5,4,60,115,401,7,0.548
5,4,60,111,410,4,1.643
5,4,60,106,416,5,1.093
5,4,60,105,423,1,1.277
5,4,60,99,447,6,4.381
5,4,60,94,451,5,0.728
5,4,60,84,457,10,1.093
5,4,60,79,463,5,1.093
5,4,60,78,488,1,4.551
5,4,60,75,490,3,0.364
5,4,60,73,503,2,2.373
5,4,60,72,510,1,1.278
5,4,60,71,586,1,13.878
1,5,10,31,0,0,0.000
1,5,10,21,0,10,0.002
1,5,10,15,2,6,0.004
1,5,10,12,3,3,0.003
2,5,10,27,0,0,0.000
2,5,10,18,1,9,0.004
2,5,10,15,2,3,0.002
3,5,10,28,0,0,0.000
3,5,10,22,1,6,0.004
3,5,10,15,2,7,0.002
3,5,10,14,3,1,0.002
3,5,10,12,5,2,0.004
4,5,10,26,0,0,0.000
4,5,10,24,0,2,0.002
4,5,10,18,1,6,0.002
4,5,10,17,4,1,0.006
5,5,10,27,0,0,0.000
5,5,10,21,1,6,0.004
5,5,10,16,2,5,0.002
5,5,10,14,3,2,0.002
5,5,10,12,4,2,0.002
1,5,30,113,0,0,0.000
1,5,30,102,10,11,0.368
1,5,30,92,14,10,0.136
1,5,30,86,15,6,0.033
1,5,30,81,16,5,0.034
1,5,30,73,17,8,0.033
1,5,30,64,18,9,0.034
1,5,30,62,20,2,0.067
1,5,30,61,21,1,0.034
1,5,30,51,22,10,0.034
1,5,30,44,25,7,0.100
1,5,30,43,31,1,0.201
1,5,30,41,43,2,0.410
2,5,30,116,0,0,0.000
2,5,30,114,2,2,0.098
2,5,30,106,5,8,0.099
2,5,30,105,9,1,0.132
2,5,30,97,10,8,0.033
2,5,30,95,11,2,0.033
2,5,30,90,12,5,0.033
2,5,30,71,13,19,0.033
2,5,30,68,14,3,0.033
2,5,30,65,15,3,0.032
2,5,30,64,16,1,0.033
2,5,30,58,17,6,0.033
2,5,30,54,23,4,0.199
2,5,30,48,27,6,0.133
3,5,30,109,0,0,0.000
3,5,30,97,11,12,0.395
3,5,30,92,13,5,0.066
3,5,30,79,14,13,0.033
3,5,30,70,15,9,0.033
3,5,30,65,16,5,0.032
3,5,30,60,17,5,0.033
3,5,30,54,19,6,0.066
3,5,30,51,21,3,0.068
3,5,30,43,22,8,0.033
3,5,30,42,36,1,0.462
4,5,30,124,0,0,0.000
4,5,30,102,0,22,0.033
4,5,30,80,11,22,0.365
4,5,30,72,14,8,0.100
4,5,30,66,16,6,0.067
4,5,30,62,18,4,0.066
4,5,30,49,19,13,0.034
4,5,30,48,24,1,0.168
4,5,30,46,25,2,0.033
4,5,30,44,27,2,0.067
4,5,30,43,44,1,0.565
5,5,30,127,0,0,0.000
5,5,30,92,2,35,0.100
5,5,30,70,14,22,0.400
5,5,30,69,17,1,0.100
5,5,30,64,18,5,0.033
5,5,30,57,19,7,0.034
5,5,30,56,22,1,0.100
5,5,30,49,23,7,0.033
5,5,30,48,24,1,0.033
5,5,30,46,28,2,0.133
5,5,30,45,33,1,0.168
5,5,30,41,34,4,0.034
1,5,60,248,0,0,0.000
1,5,60,234,1,14,0.460
1,5,60,228,11,6,2.306
1,5,60,222,14,6,0.694
1,5,60,221,106,1,21.224
1,5,60,216,130,5,5.514
1,5,60,213,195,3,14.997
1,5,60,208,196,5,0.231
1,5,60,200,218,8,5.076
1,5,60,199,236,1,4.156
1,5,60,191,237,8,0.230
1,5,60,182,238,9,0.231
1,5,60,178,250,4,2.772
1,5,60,175,252,3,0.464
1,5,60,168,259,7,1.616
1,5,60,156,271,12,2.769
1,5,60,154,274,2,0.694
1,5,60,150,283,4,2.074
1,5,60,145,287,5,0.921
1,5,60,140,299,5,2.768
1,5,60,132,301,8,0.462
1,5,60,123,315,9,3.227
1,5,60,119,321,4,1.384
1,5,60,118,366,1,10.371
1,5,60,110,389,8,5.301
1,5,60,108,422,2,7.610
1,5,60,105,424,3,0.461
1,5,60,99,432,6,1.843
1,5,60,89,436,10,0.921
1,5,60,74,441,15,1.151
1,5,60,73,463,1,5.065
1,5,60,69,467,4,0.922
1,5,60,67,474,2,1.612
1,5,60,66,619,1,33.120
2,5,60,249,0,0,0.000
2,5,60,228,0,21,0.227
2,5,60,227,51,1,11.568
2,5,60,221,54,6,0.682
2,5,60,214,102,7,10.889
2,5,60,212,116,2,3.179
2,5,60,203,139,9,5.223
2,5,60,200,170,3,7.047
2,5,60,189,182,11,2.729
2,5,60,184,189,5,1.589
2,5,60,177,192,7,0.682
2,5,60,176,203,1,2.496
2,5,60,163,207,13,0.910
2,5,60,155,216,8,2.046
2,5,60,148,228,7,2.728
2,5,60,133,233,15,1.134
2,5,60,130,251,3,4.087
2,5,60,129,256,1,1.133
2,5,60,124,271,5,3.398
2,5,60,117,290,7,4.316
2,5,60,114,298,3,1.816
2,5,60,111,314,3,3.631
2,5,60,109,315,2,0.226
2,5,60,108,326,1,2.498
2,5,60,103,328,5,0.455
2,5,60,102,330,1,0.457
2,5,60,100,332,2,0.458
2,5,60,96,333,4,0.227
2,5,60,89,334,7,0.228
2,5,60,87,339,2,1.140
2,5,60,86,348,1,2.043
2,5,60,84,350,2,0.454
2,5,60,82,361,2,2.494
2,5,60,76,365,6,0.906
2,5,60,74,371,2,1.362
2,5,60,71,384,3,2.991
2,5,60,70,398,1,3.175
2,5,60,69,439,1,9.310
2,5,60,68,445,1,1.362
2,5,60,67,623,1,40.372
3,5,60,255,0,0,0.000
3,5,60,243,0,12,0.230
3,5,60,228,3,15,0.692
3,5,60,224,22,4,4.371
3,5,60,219,36,5,3.225
3,5,60,216,158,3,28.128
3,5,60,198,188,18,6.906
3,5,60,192,212,6,5.525
3,5,60,190,220,2,1.841
3,5,60,182,228,8,1.843
3,5,60,179,232,3,0.922
3,5,60,176,238,3,1.381
3,5,60,168,240,8,0.461
3,5,60,164,244,4,0.923
3,5,60,158,250,6,1.382
3,5,60,154,256,4,1.362
3,5,60,153,269,1,2.988
3,5,60,146,280,7,2.536
3,5,60,139,281,7,0.230
3,5,60,136,292,3,2.534
3,5,60,127,313,9,4.837
3,5,60,126,314,1,0.230
3,5,60,123,323,3,2.070
3,5,60,116,355,7,7.367
3,5,60,113,377,3,5.065
3,5,60,107,387,6,2.303
3,5,60,99,397,8,2.302
3,5,60,91,398,8,0.231
3,5,60,86,415,5,3.913
3,5,60,84,423,2,1.823
3,5,60,82,431,2,1.807
3,5,60,74,436,8,1.131
3,5,60,71,443,3,1.580
3,5,60,70,457,1,3.163
3,5,60,67,470,3,2.938
3,5,60,66,500,1,6.781
3,5,60,65,517,1,3.837
4,5,60,236,0,0,0.000
4,5,60,232,0,4,0.226
4,5,60,223,2,9,0.452
4,5,60,222,76,1,16.989
4,5,60,219,103,3,6.226
4,5,60,206,121,13,4.149
4,5,60,205,136,1,3.453
4,5,60,185,138,20,0.460
4,5,60,177,155,8,3.914
4,5,60,175,166,2,2.532
4,5,60,170,170,5,0.921
4,5,60,163,175,7,1.150
4,5,60,162,186,1,2.533
4,5,60,143,189,19,0.691
4,5,60,142,194,1,1.150
4,5,60,141,196,1,0.460
4,5,60,136,198,5,0.461
4,5,60,127,215,9,3.912
4,5,60,118,230,9,3.455
4,5,60,112,251,6,4.837
4,5,60,107,262,5,2.532
4,5,60,97,272,10,2.303
4,5,60,93,283,4,2.532
4,5,60,91,285,2,0.460
4,5,60,89,290,2,1.152
4,5,60,83,296,6,1.382
4,5,60,70,308,13,2.767
4,5,60,68,356,2,11.053
5,5,60,250,0,0,0.000
5,5,60,239,1,11,0.461
5,5,60,227,2,12,0.232
5,5,60,222,58,5,12.922
5,5,60,218,62,4,0.924
5,5,60,207,93,11,7.156
5,5,60,199,142,8,11.302
5,5,60,197,158,2,3.632
5,5,60,189,177,8,4.311
5,5,60,188,182,1,1.136
5,5,60,187,184,1,0.455
5,5,60,181,185,6,0.242
5,5,60,180,188,1,0.696
5,5,60,175,191,5,0.708
5,5,60,174,192,1,0.227
5,5,60,169,194,5,0.453
5,5,60,166,198,3,0.911
5,5,60,161,200,5,0.476
5,5,60,158,201,3,0.242
5,5,60,155,220,3,4.391
5,5,60,152,222,3,0.461
5,5,60,147,224,5,0.470
5,5,60,144,238,3,3.171
5,5,60,143,240,1,0.453
5,5,60,135,244,8,0.905
5,5,60,133,249,2,1.130
5,5,60,132,258,1,2.039
5,5,60,128,263,4,1.133
5,5,60,122,307,6,10.110
5,5,60,121,315,1,1.849
5,5,60,114,319,7,0.924
5,5,60,106,339,8,4.616
5,5,60,104,356,2,3.922
5,5,60,99,358,5,0.462
5,5,60,94,365,5,1.614
5,5,60,91,367,3,0.462
5,5,60,89,387,2,4.616
5,5,60,77,393,12,1.384
5,5,60,72,396,5,0.692
5,5,60,70,411,2,3.458
5,5,60,69,416,1,1.146
5,5,60,68,422,1,1.359
5,5,60,67,443,1,4.761
